We created a pulseSensor Object !
1121.07
2107.38
1111.78
2111.78
1110.31
2108.85
1106.40
2104.45
1102.49
2101.03
198.58
297.12
195.16
293.70
191.74
290.27
188.32
286.85
184.90
283.43
181.48
280.01
178.05
276.59
175.12
273.66
171.70
270.72
170.23
266.32
166.32
264.37
163.39
260.46
159.97
258.99
157.53
256.55
155.08
253.62
152.64
251.66
150.20
249.22
147.75
246.77
145.80
244.82
143.84
242.86
141.89
240.42
139.44
239.93
136.51
237.49
135.53
235.53
133.09
233.58
132.60
231.62
131.13
230.16
129.67
228.69
128.20
227.22
126.25
226.25
125.27
225.27
124.29
223.80
123.31
222.83
121.85
221.36
122.83
219.40
120.87
219.40
119.40
217.45
118.43
217.94
117.45
217.45
116.47
216.96
115.98
215.98
115.49
215.00
114.52
214.52
114.03
213.54
113.54
213.05
113.05
212.07
112.56
213.54
110.61
212.07
111.09
211.58
110.12
210.61
110.61
210.61
110.12
210.12
110.12
210.12
19.63
29.63
19.14
29.14
18.65
28.65
18.16
28.16
17.67
27.67
19.14
25.72
17.67
26.21
17.18
26.21
16.21
25.72
16.21
25.72
16.21
25.23
15.23
24.25
14.74
24.74
14.74
24.25
14.74
24.25
14.25
24.25
14.25
24.25
13.76
25.23
12.30
24.74
13.27
23.76
13.27
23.27
13.27
23.27
13.27
23.76
12.79
22.79
11.81
22.79
12.79
22.79
12.79
22.79
12.79
22.79
12.79
22.79
12.79
22.79
14.25
21.32
13.76
22.30
12.79
22.30
12.79
22.30
12.79
22.30
12.79
22.30
12.30
21.81
12.30
22.30
12.30
22.30
12.30
21.81
12.30
21.81
12.30
21.81
12.30
23.27
10.34
22.30
11.32
21.81
11.81
21.81
11.32
21.81
11.32
21.81
11.32
21.32
10.34
21.32
11.81
21.81
11.81
21.81
11.81
21.81
11.32
21.81
11.32
21.81
13.27
2-0.15
12.79
21.32
12.30
21.81
11.81
23.27
10.34
22.79
11.32
21.81
11.81
21.81
11.81
21.81
11.81
21.81
11.81
21.81
10.83
21.81
11.81
21.81
11.32
21.81
11.81
21.81
11.32
21.81
11.81
21.81
13.27
2-0.15
12.79
21.32
12.30
21.81
11.81
23.27
10.34
22.79
11.32
21.81
11.32
21.81
11.32
21.81
11.81
21.81
11.32
21.81
10.83
21.81
11.81
21.81
11.81
21.81
11.81
21.81
11.32
21.32
11.32
21.32
12.79
2-0.15
12.30
21.32
11.81
21.32
11.32
22.79
1-0.15
22.30
11.32
21.81
11.32
21.81
13.27
20.34
12.30
20.83
11.81
21.32
11.81
21.32
11.81
21.81
11.81
21.32
11.32
20.83
11.32
21.32
11.81
21.81
11.81
21.32
11.81
21.32
11.81
21.32
11.81
22.79
1-0.15
22.30
11.32
21.81
11.32
21.81
13.27
20.34
12.79
21.32
11.81
21.32
11.81
21.32
11.